# Made in Blockbench 4.12.6
mtllib bridge_none_3.mtl

o cube
v 0.25323594908593994 0.140625 -0.08089592417494917
v 0.1788590734336366 0.140625 -0.13796730814451674
v 0.25323594908593994 0.109375 -0.08089592417494917
v 0.1788590734336366 0.109375 -0.13796730814451674
v -0.09698594908593994 0.140625 0.22152092417494917
v -0.02260907343363662 0.140625 0.27859230814451674
v -0.09698594908593994 0.109375 0.22152092417494917
v -0.02260907343363662 0.109375 0.27859230814451674
vt 0 0.625
vt 0.46875 0.625
vt 0.46875 0.59375
vt 0 0.59375
vt 0.125 0.4375
vt 0.21875 0.4375
vt 0.21875 0.40625
vt 0.125 0.40625
vt 0 0.5625
vt 0.46875 0.5625
vt 0.46875 0.53125
vt 0 0.53125
vt 0.25 0.4375
vt 0.34375 0.4375
vt 0.34375 0.40625
vt 0.25 0.40625
vt 0.46875 0.90625
vt 0 0.90625
vt 0 1
vt 0.46875 1
vt 0.46875 0.875
vt 0 0.875
vt 0 0.78125
vt 0.46875 0.78125
vn -0.7933533402912352 0 -0.6087614290087207
vn 0.6087614290087207 0 -0.7933533402912352
vn 0.7933533402912352 0 0.6087614290087207
vn -0.6087614290087207 0 0.7933533402912352
vn 0 1 0
vn 0 -1 0
usemtl m_9668b9b2-da0b-8ccb-814e-573db719c69c
f 4/4/1 7/3/1 5/2/1 2/1/1
f 3/8/2 4/7/2 2/6/2 1/5/2
f 8/12/3 3/11/3 1/10/3 6/9/3
f 7/16/4 8/15/4 6/14/4 5/13/4
f 6/20/5 1/19/5 2/18/5 5/17/5
f 7/24/6 4/23/6 3/22/6 8/21/6
o cube
v -0.11496760683626363 0.171875 0.03252694511877835
v -0.19403555488122165 0.171875 -0.017844893163736372
v -0.11496760683626363 0.109375 0.03252694511877835
v -0.19403555488122165 0.109375 -0.017844893163736372
v -0.24440739316373639 0.171875 0.06122305488122165
v -0.16533944511877835 0.171875 0.11159489316373637
v -0.24440739316373639 0.109375 0.06122305488122165
v -0.16533944511877835 0.109375 0.11159489316373637
vt 0.5 0.8125
vt 0.59375 0.8125
vt 0.59375 0.75
vt 0.5 0.75
vt 0.5 0.625
vt 0.59375 0.625
vt 0.59375 0.5625
vt 0.5 0.5625
vt 0.4375 0.5
vt 0.53125 0.5
vt 0.53125 0.4375
vt 0.4375 0.4375
vt 0.5 0.5625
vt 0.59375 0.5625
vt 0.59375 0.5
vt 0.5 0.5
vt 0.09375 0.40625
vt 0 0.40625
vt 0 0.5
vt 0.09375 0.5
vt 0.59375 1
vt 0.5 1
vt 0.5 0.90625
vt 0.59375 0.90625
vn -0.8433914458128856 0 -0.5372996083468238
vn 0.5372996083468238 0 -0.8433914458128856
vn 0.8433914458128856 0 0.5372996083468238
vn -0.5372996083468238 0 0.8433914458128856
vn 0 1 0
vn 0 -1 0
usemtl m_9668b9b2-da0b-8ccb-814e-573db719c69c
f 12/28/7 15/27/7 13/26/7 10/25/7
f 11/32/8 12/31/8 10/30/8 9/29/8
f 16/36/9 11/35/9 9/34/9 14/33/9
f 15/40/10 16/39/10 14/38/10 13/37/10
f 14/44/11 9/43/11 10/42/11 13/41/11
f 15/48/12 12/47/12 11/46/12 16/45/12
o cube
v -0.053837876604127505 0.140625 0.08203800054549565
v 0.006009345514542658 0.140625 0.03182021853873476
v -0.053837876604127505 0.109375 0.08203800054549565
v 0.006009345514542658 0.109375 0.03182021853873476
v -0.1647311133084443 0.140625 -0.17166033666474378
v -0.22457833542711447 0.140625 -0.1214425546579829
v -0.1647311133084443 0.109375 -0.17166033666474378
v -0.22457833542711447 0.109375 -0.1214425546579829
vt 0.125 0.5
vt 0.40625 0.5
vt 0.40625 0.46875
vt 0.125 0.46875
vt 0.375 0.4375
vt 0.46875 0.4375
vt 0.46875 0.40625
vt 0.375 0.40625
vt 0.5 0.875
vt 0.78125 0.875
vt 0.78125 0.84375
vt 0.5 0.84375
vt 0.5 0.4375
vt 0.59375 0.4375
vt 0.59375 0.40625
vt 0.5 0.40625
vt 0.28125 0.65625
vt 0 0.65625
vt 0 0.75
vt 0.28125 0.75
vt 0.59375 0.75
vt 0.3125 0.75
vt 0.3125 0.65625
vt 0.59375 0.65625
vn 0.766044443118978 0 -0.6427876096865393
vn 0.6427876096865393 0 0.766044443118978
vn -0.766044443118978 0 0.6427876096865393
vn -0.6427876096865393 0 -0.766044443118978
vn 0 1 0
vn 0 -1 0
usemtl m_9668b9b2-da0b-8ccb-814e-573db719c69c
f 20/52/13 23/51/13 21/50/13 18/49/13
f 19/56/14 20/55/14 18/54/14 17/53/14
f 24/60/15 19/59/15 17/58/15 22/57/15
f 23/64/16 24/63/16 22/62/16 21/61/16
f 22/68/17 17/67/17 18/66/17 21/65/17
f 23/72/18 20/71/18 19/70/18 24/69/18