# Made in Blockbench 4.12.6
mtllib water_1.mtl

o cube
v 0.02137625895785429 0.13125 0.05873078879911928
v -0.010688129478927146 0.13125 -0.02936539439955964
v 0.02137625895785429 0.13125 0.05873078879911928
v -0.010688129478927146 0.13125 -0.02936539439955964
v -0.09878431267760607 0.13125 0.0026989940372217983
v -0.06671992424082462 0.13125 0.09079517723590072
v -0.09878431267760607 0.13125 0.0026989940372217983
v -0.06671992424082462 0.13125 0.09079517723590072
vt 0 1
vt 0.046875 1
vt 0.046875 1
vt 0 1
vt 0 1
vt 0.046875 1
vt 0.046875 1
vt 0 1
vt 0 1
vt 0.046875 1
vt 0.046875 1
vt 0 1
vt 0 1
vt 0.046875 1
vt 0.046875 1
vt 0 1
vt 0.546875 0.828125
vt 0.5 0.828125
vt 0.5 0.875
vt 0.546875 0.875
vt 0.546875 0.8125
vt 0.5 0.8125
vt 0.5 0.765625
vt 0.546875 0.765625
vn -0.34202014332566866 0 -0.9396926207859084
vn 0.9396926207859084 0 -0.34202014332566866
vn 0.34202014332566866 0 0.9396926207859084
vn -0.9396926207859084 0 0.34202014332566866
vn 0 1 0
vn 0 -1 0
usemtl m_f8ea23ad-b534-4e5f-b585-3cc8d43dcf03
f 4/4/1 7/3/1 5/2/1 2/1/1
f 3/8/2 4/7/2 2/6/2 1/5/2
f 8/12/3 3/11/3 1/10/3 6/9/3
f 7/16/4 8/15/4 6/14/4 5/13/4
f 6/20/5 1/19/5 2/18/5 5/17/5
f 7/24/6 4/23/6 3/22/6 8/21/6
o cube
v 0.18696530383586316 0.13125 0.2581578870137532
v 0.125 0.13125 0.25
v 0.18696530383586316 0.13125 0.2581578870137532
v 0.125 0.13125 0.25
v 0.11684211298624679 0.13125 0.3119653038358632
v 0.17880741682210993 0.13125 0.3201231908496164
v 0.11684211298624679 0.13125 0.3119653038358632
v 0.17880741682210993 0.13125 0.3201231908496164
vt 0 1
vt 0.03125 1
vt 0.03125 1
vt 0 1
vt 0 1
vt 0.03125 1
vt 0.03125 1
vt 0 1
vt 0 1
vt 0.03125 1
vt 0.03125 1
vt 0 1
vt 0 1
vt 0.03125 1
vt 0.03125 1
vt 0 1
vt 0.53125 0.65625
vt 0.5 0.65625
vt 0.5 0.6875
vt 0.53125 0.6875
vt 0.53125 0.65625
vt 0.5 0.65625
vt 0.5 0.625
vt 0.53125 0.625
vn -0.9914448613738105 0 -0.13052619222005135
vn 0.13052619222005135 0 -0.9914448613738105
vn 0.9914448613738105 0 0.13052619222005135
vn -0.13052619222005135 0 0.9914448613738105
vn 0 1 0
vn 0 -1 0
usemtl m_f8ea23ad-b534-4e5f-b585-3cc8d43dcf03
f 12/28/7 15/27/7 13/26/7 10/25/7
f 11/32/8 12/31/8 10/30/8 9/29/8
f 16/36/9 11/35/9 9/34/9 14/33/9
f 15/40/10 16/39/10 14/38/10 13/37/10
f 14/44/11 9/43/11 10/42/11 13/41/11
f 15/48/12 12/47/12 11/46/12 16/45/12
o cube
v -0.12553469616413684 0.13125 0.07065788701375321
v -0.1875 0.13125 0.0625
v -0.12553469616413684 0.13125 0.07065788701375321
v -0.1875 0.13125 0.0625
v -0.1956578870137532 0.13125 0.12446530383586316
v -0.13369258317789007 0.13125 0.13262319084961638
v -0.1956578870137532 0.13125 0.12446530383586316
v -0.13369258317789007 0.13125 0.13262319084961638
vt 0 1
vt 0.03125 1
vt 0.03125 1
vt 0 1
vt 0 1
vt 0.03125 1
vt 0.03125 1
vt 0 1
vt 0 1
vt 0.03125 1
vt 0.03125 1
vt 0 1
vt 0 1
vt 0.03125 1
vt 0.03125 1
vt 0 1
vt 0.53125 0.59375
vt 0.5 0.59375
vt 0.5 0.625
vt 0.53125 0.625
vt 0.53125 0.59375
vt 0.5 0.59375
vt 0.5 0.5625
vt 0.53125 0.5625
vn -0.9914448613738105 0 -0.13052619222005135
vn 0.13052619222005135 0 -0.9914448613738105
vn 0.9914448613738105 0 0.13052619222005135
vn -0.13052619222005135 0 0.9914448613738105
vn 0 1 0
vn 0 -1 0
usemtl m_f8ea23ad-b534-4e5f-b585-3cc8d43dcf03
f 20/52/13 23/51/13 21/50/13 18/49/13
f 19/56/14 20/55/14 18/54/14 17/53/14
f 24/60/15 19/59/15 17/58/15 22/57/15
f 23/64/16 24/63/16 22/62/16 21/61/16
f 22/68/17 17/67/17 18/66/17 21/65/17
f 23/72/18 20/71/18 19/70/18 24/69/18
o cube
v 0.2995845837682022 0.13125 -0.24320241068695497
v 0.25 0.13125 -0.28125
v 0.2995845837682022 0.13125 -0.24320241068695497
v 0.25 0.13125 -0.28125
v 0.21195241068695497 0.13125 -0.23166541623179782
v 0.26153699445515716 0.13125 -0.19361782691875276
v 0.21195241068695497 0.13125 -0.23166541623179782
v 0.26153699445515716 0.13125 -0.19361782691875276
vt 0 1
vt 0.03125 1
vt 0.03125 1
vt 0 1
vt 0 1
vt 0.03125 1
vt 0.03125 1
vt 0 1
vt 0 1
vt 0.03125 1
vt 0.03125 1
vt 0 1
vt 0 1
vt 0.03125 1
vt 0.03125 1
vt 0 1
vt 0.53125 0.71875
vt 0.5 0.71875
vt 0.5 0.75
vt 0.53125 0.75
vt 0.53125 0.71875
vt 0.5 0.71875
vt 0.5 0.6875
vt 0.53125 0.6875
vn -0.7933533402912352 0 -0.6087614290087207
vn 0.6087614290087207 0 -0.7933533402912352
vn 0.7933533402912352 0 0.6087614290087207
vn -0.6087614290087207 0 0.7933533402912352
vn 0 1 0
vn 0 -1 0
usemtl m_f8ea23ad-b534-4e5f-b585-3cc8d43dcf03
f 28/76/19 31/75/19 29/74/19 26/73/19
f 27/80/20 28/79/20 26/78/20 25/77/20
f 32/84/21 27/83/21 25/82/21 30/81/21
f 31/88/22 32/87/22 30/86/22 29/85/22
f 30/92/23 25/91/23 26/90/23 29/89/23
f 31/96/24 28/95/24 27/94/24 32/93/24
o beveled_cuboid
v 0.4375 0.125 0.4375
v 0.4375 0.125 -0.4375
v -0.4375 0.125 0.4375
v -0.4375 0.125 -0.4375
v 0.5 0 0.5
v 0.5 0 -0.5
v -0.5 0 0.5
v -0.5 0 -0.5
v -0.5 0.0625 -0.5
v 0.5 0.0625 0.5
v 0.5 0.0625 -0.5
v -0.5 0.0625 0.5
vt 1 0.5625
vt 1 1
vt 0.5625 1
vt 0.5625 0.5625
vt 0 0.5
vt 0.5 0.5
vt 0.5 1
vt 0 1
vt 0.96875 0.171875
vt 0.53125 0.171875
vt 0.5 0.125
vt 1 0.125
vt 1 0.21875
vt 0.96875 0.265625
vt 0.53125 0.265625
vt 0.5 0.21875
vt 1 0.40625
vt 0.96875 0.453125
vt 0.53125 0.453125
vt 0.5 0.40625
vt 0.96875 0.359375
vt 0.53125 0.359375
vt 0.5 0.3125
vt 1 0.3125
vt 0 0.46875
vt 0 0.40625
vt 0.5 0.40625
vt 0.5 0.46875
vt 0 0.3125
vt 0.5 0.3125
vt 0.5 0.375
vt 0 0.375
vt 0 0.21875
vt 0.5 0.21875
vt 0.5 0.28125
vt 0 0.28125
vt 0 0.1875
vt 0 0.125
vt 0.5 0.125
vt 0.5 0.1875
vn 0 1 0
vn 0 -1 0
vn 0.7071067811865476 0.7071067811865476 0
vn -0.7071067811865476 0.7071067811865476 0
vn 0 0.7071067811865476 0.7071067811865476
vn 0 0.7071067811865476 -0.7071067811865476
vn 1 0 0
vn -1 0 0
vn 0 0 1
vn 0 0 -1
usemtl m_f8ea23ad-b534-4e5f-b585-3cc8d43dcf03
f 33/97/25 34/98/25 36/99/25 35/100/25
f 40/101/26 38/102/26 37/103/26 39/104/26
f 34/105/27 33/106/27 42/107/27 43/108/27
f 44/109/28 35/110/28 36/111/28 41/112/28
f 42/113/29 33/114/29 35/115/29 44/116/29
f 36/117/30 34/118/30 43/119/30 41/120/30
f 42/121/31 37/122/31 38/123/31 43/124/31
f 40/125/32 39/126/32 44/127/32 41/128/32
f 39/129/33 37/130/33 42/131/33 44/132/33
f 43/133/34 38/134/34 40/135/34 41/136/34